2284
2744
2298
2170
6754
2509
5202
2745
8916
7800
4626
2577
2390
5057
1143
6241
5930
7640
1659
3869
4468
176
6094
2237
1906
5263
5406
1319
1274
1872
1610
2553
3454
8055
2763
7085
3945
4088
9857
2181
9879
3536
6520
8264
4967
3169
3007
9744
4799
2334
7430
8377
9164
1991
3740
516
9660
1950
5247
593
4185
3126
39
2922
3668
1405
6439
187
9004
5999
6670
8847
9426
9640
3546
1784
1738
9174
6833
275
697
1223
1523
9182
3096
7803
6192
7127
6008
1383
6049
2446
2455
1488
3012
1202
2427
4684
8557
6037
4607
4399
7117
7387
3441
4832
6155
231
3894
4818
568
8867
9319
9636
8406
7706
968
9740
9803
3495
8619
5741
8432
8295
8744
2087
6125
2167
2236
9340
9240
4020
375
792
2503
5934
3006
1237
262
5973
9807
3876
4845
3979
8152
5073
507
7309
19
8194
4350
9077
6457
1286
8541
7462
712
7975
9667
8347
3832
2303
6660
2817
7157
5245
3437
9842
1725
3702
7835
1268
3520
8656
2270
3700
6152
2511
7616
558
5581
178
2953
6101
3817
5524
1885
2689
3962
875
5394
1430
9515
5341
2344
9828
6924
239
1166
7416
1218
274
6274
8340
2207
2429
3782
5143
1983
364
8529
9696
2872
4133
8722
9530
9086
9090
1235
1345
5907
3803
9300
9825
2985
2600
5607
7962
555
1723
5890
9963
2831
6251
3252
5359
5576
8980
2681
236
7869
5441
1249
5795
831
6543
2824
1409
6191
7158
3182
8622
4723
5875
8615
7104
3952
6519
9294
5100
8833
7927
5685
3425
1536
7895
7656
9293
6880
6854
6427
9038
1985
610
4048
5463
6456
9287
3833
7744
9808
7294
229
8902
8970
203
2009
8007
7743
1594
9653
6471
4073
9534
8174
1475
4510
7731
8157
223
7593
387
5462
8766
4415
302
7129
3727
4106
6039
9585
7141
2349
1219
5457
7634
1412
696
8234
6604
919
5688
3253
723
8736
9821
7764
6556
4694
9792
8672
703
4138
9341
7923
4661
6186
9279
5996
218
3470
2546
1729
5052
3465
3650
9281
6226
2364
1325
9549
560
8240
9931
4731
7672
3888
2813
2203
8599
6562
6043
2255
5204
2401
4736
3742
9511
677
6629
7119
4739
6925
2110
2935
6810
3501
4220
8032
4860
9723
6852
1240
2310
3288
9179
598
892
2221
1125
8301
4997
6966
7957
3083
4524
2157
9000
7174
6459
8101
2718
4907
3549
3334
7015
7720
2347
3767
7224
3154
3210
3121
7553
8858
2206
7541
476
395
8778
1282
5061
5294
9241
4996
7391
1686
8192
6205
6169
9938
9295
3777
7282
7891
8199
3329
8895
3211
4249
7848
4252
7300
9504
6061
9579
4333
1768
9128
6790
9443
3685
8140
9335
7643
8218
2195
5639
8207
385
8355
224
6145
544
313
3899
7797
7606
9407
8771
5868
1226
5201
17
1920
4756
5144
3680
5017
1400
294
4759
5529
5020
888
5088
2164
4682
7555
7084
9994
9795
3133
49
9553
9921
605
53
8159
2742
